No	Date	Strain	Trt	Trt_char	Time	Time_Char	Rep	OD600	OD600_corr	OD480	Dox_conc	OD600_avg	OD600_sd	OD600_se	Dox_avg	Dox_sd	Dox_se	Dox_avg_corr
1	7/28/20	EC	0	Contol	12	A	2	956	913	82	6.022	826.00	87.50	50.52	5.69	0.892796709	0.51545642	0.00
2	7/28/20	EC	10	Low	12	A	2	948	904	98	11.9148	828.00	81.46	47.03	12.72	1.397765002	0.807	7.03
3	7/28/20	EC	100	Medium	12	A	2	921	868	223	86.1523	771.33	88.27	50.97	115.70	27.1487491	15.6743376	110.01
4	7/28/20	EC	250	High	12	A	2	917	821	280	136.603	820.33	14.01	8.09	217.69	71.44205111	41.24708744	212.00
5	7/29/20	EC	0	Contol	12	A	3	870	827	78	4.6768							
6	7/29/20	EC	10	Low	12	A	3	882	838	98	11.9148							
7	7/29/20	EC	100	Medium	12	A	3	804	751	264	121.3918							
8	7/29/20	EC	250	High	12	A	3	902	806	396	271.3834							
9	7/30/20	EC	0	Contol	12	A	4	781	738	83	6.3663							
10	7/30/20	EC	10	Low	12	A	4	786	742	104	14.3358							
11	7/30/20	EC	100	Medium	12	A	4	748	695	283	139.5463							
12	7/30/20	EC	250	High	12	A	4	930	834	376	245.0734							
13	7/26/20	EC	0	Contol	24	B	1	830	786	91	9.2359	711.50	64.63	32.31	8.64	2.483265391	1.241632696	0.00
14	7/26/20	EC	10	Low	24	B	1	830	784	111	17.3059	740.00	45.93	22.97	13.18	3.145946506	1.572973253	4.54
15	7/26/20	EC	100	Medium	24	B	1	791	736	236	96.7434	696.00	100.76	50.38	92.27	6.211062214	3.105531107	83.62
16	7/26/20	EC	250	High	24	B	1	903	791	258	115.8988	766.50	25.16	12.58	126.42	9.824199328	4.912099664	117.78
17	7/28/20	EC	0	Contol	24	B	2	712	668	98	11.9148							
18	7/28/20	EC	10	Low	24	B	2	803	757	103	13.9243							
19	7/28/20	EC	100	Medium	24	B	2	857	802	225	87.7465							
20	7/28/20	EC	250	High	24	B	2	897	785	263	120.4683							
21	7/29/20	EC	0	Contol	24	B	3	692	648	84	6.7138							
22	7/29/20	EC	10	Low	24	B	3	789	743	96	11.1334							
23	7/29/20	EC	100	Medium	24	B	3	619	564	223	86.1523							
24	7/29/20	EC	250	High	24	B	3	861	749	276	132.7234							
25	7/30/20	EC	0	Contol	24	B	4	788	744	84	6.7138							
26	7/30/20	EC	10	Low	24	B	4	722	676	94	10.3648							
27	7/30/20	EC	100	Medium	24	B	4	737	682	238	98.4208							
28	7/30/20	EC	250	High	24	B	4	853	741	280	136.603							
29	7/28/20	EF	0	Contol	12	A	2	193	150	74	3.3828	181.33	27.15	15.68	1.66	1.496226134	0.863846561	0.00
30	7/28/20	EF	10	Low	12	A	2	50	6	99	12.3103	69.67	99.23	57.29	10.14	1.960109554	1.131669779	8.48
31	7/28/20	EF	100	Medium	12	A	2	56	3	263	120.4683	6.00	2.65	1.53	135.94	16.71122017	9.648227464	134.28
32	7/28/20	EF	250	High	12	A	2	80	0	328	187.1518	8.00	9.17	5.29	234.16	43.89674638	25.34379834	232.49
33	7/29/20	EF	0	Contol	12	A	3	239	196	65	0.6585							
34	7/29/20	EF	10	Low	12	A	3	63	19	89	8.4993							
35	7/29/20	EF	100	Medium	12	A	3	60	7	277	133.6885							
36	7/29/20	EF	250	High	12	A	3	102	6	373	241.2373							
37	7/30/20	EF	0	Contol	12	A	4	241	198	66	0.9484							
38	7/30/20	EF	10	Low	12	A	4	228	184	92	9.609							
39	7/30/20	EF	100	Medium	12	A	4	61	8	297	153.6625							
40	7/30/20	EF	250	High	12	A	4	114	18	398	274.0848							
41	7/26/20	EF	0	Contol	24	B	1	204	160	66	0.9484	181.25	16.94	8.47	1.26	1.035703645	0.517851822	0.00
42	7/26/20	EF	10	Low	24	B	1	243	197	97	11.5225	176.25	25.86	12.93	10.87	1.848070492	0.924035246	9.62
43	7/26/20	EF	100	Medium	24	B	1	162	107	288	144.5158	32.75	49.83	24.91	123.85	31.20908959	15.6045448	122.59
44	7/26/20	EF	250	High	24	B	1	226	114	458	361.0788	31.50	55.10	27.55	237.09	106.3736116	53.18680582	235.83
45	7/28/20	EF	0	Contol	24	B	2	223	179	72	2.755							
46	7/28/20	EF	10	Low	24	B	2	211	165	101	13.1109							
47	7/28/20	EF	100	Medium	24	B	2	52	0	212	77.613							
48	7/28/20	EF	250	High	24	B	2	80	0	248	106.9998							
49	7/29/20	EF	0	Contol	24	B	3	245	201	64	0.3718							
50	7/29/20	EF	10	Low	24	B	3	244	198	93	9.9853							
51	7/29/20	EF	100	Medium	24	B	3	68	13	284	140.5338							
52	7/29/20	EF	250	High	24	B	3	116	4	394	268.6948							
53	7/30/20	EF	0	Contol	24	B	4	229	185	66	0.9484							
54	7/30/20	EF	10	Low	24	B	4	191	145	90	8.866							
55	7/30/20	EF	100	Medium	24	B	4	66	11	276	132.7234							
56	7/30/20	EF	250	High	24	B	4	120	8	349	211.5853							
57	7/28/20	KP	0	Contol	12	A	2	1088	1045	77	4.3485	802.00	211.09	121.87	4.13	0.373545624	0.215666667	0.00
58	7/28/20	KP	10	Low	12	A	2	1090	1046	93	9.9853	800.33	213.12	123.05	11.02	1.475230806	0.851724903	6.89
59	7/28/20	KP	100	Medium	12	A	2	939	886	203	70.9143	757.33	145.14	83.80	112.49	36.54532987	21.09945604	108.35
60	7/28/20	KP	250	High	12	A	2	862	766	261	118.6309	760.00	45.30	26.15	209.83	108.1560202	62.44390736	205.70
61	7/29/20	KP	0	Contol	12	A	3	707	664	75	3.7015							
62	7/29/20	KP	10	Low	12	A	3	734	690	94	10.3648							
63	7/29/20	KP	100	Medium	12	A	3	839	786	270	127							
64	7/29/20	KP	250	High	12	A	3	898	802	323	181.5423							
65	7/30/20	KP	0	Contol	12	A	4	740	697	77	4.3485							
66	7/30/20	KP	10	Low	12	A	4	709	665	100	12.709							
67	7/30/20	KP	100	Medium	12	A	4	653	600	283	139.5463							
68	7/30/20	KP	250	High	12	A	4	808	712	437	329.3205							
69	7/26/20	KP	0	Contol	24	B	1	964	920	91	9.2359	882.25	48.40	24.20	7.79	1.434876125	0.828426117	0.00
70	7/26/20	KP	10	Low	24	B	1	902	856	102	13.516	861.25	38.77	19.38	11.60	3.077736548	1.538868274	3.81
71	7/26/20	KP	100	Medium	24	B	1	868	813	197	66.5925	764.75	86.57	43.29	78.55	15.65795759	6.39233442	70.76
72	7/26/20	KP	250	High	24	B	1	916	804	267	124.1815	759.75	44.93	22.47	122.16	7.345955346	3.672977673	114.37
73	7/28/20	KP	0	Contol	24	B	2	957	913	87	7.7755							
74	7/28/20	KP	10	Low	24	B	2	963	917	85	7.0645							
75	7/28/20	KP	100	Medium	24	B	2	909	854	184	57.6238							
76	7/28/20	KP	250	High	24	B	2	899	787	253	111.4093							
77	7/29/20	KP	0	Contol	24	B	3	926	882	83	6.3663							
78	7/29/20	KP	10	Low	24	B	3	875	829	102	13.516							
79	7/29/20	KP	100	Medium	24	B	3	788	733	243	102.6703							
80	7/29/20	KP	250	High	24	B	3	856	744	271	127.9459							
81	7/30/20	KP	0	Contol	24	B	4	858	814	NA								
82	7/30/20	KP	10	Low	24	B	4	889	843	99	12.3103							
83	7/30/20	KP	100	Medium	24	B	4	714	659	223	86.1523							
84	7/30/20	KP	250	High	24	B	4	816	704	268	125.1178							
85	2/8/20	KP	100	Medium	24	B	5			212	77.613							
86	2/8/20	KP	100	Medium	24	B	5			216	80.6734							
87	7/28/20	neg_control	0	Contol	12	A	2	42	-1	68	1.5378	0.33	1.15	0.67	1.54	0	0	0.00
88	7/28/20	neg_control	10	Low	12	A	2	45	1	91	9.2359	0.33	0.58	0.33	9.99	0.755809032	0.436366548	8.45
89	7/28/20	neg_control	100	Medium	12	A	2	53	0	257	114.9945	0.33	1.53	0.88	136.12	20.89140046	12.06165568	134.58
90	7/28/20	neg_control	250	High	12	A	2	94	-2	357	221.2645	0.33	4.04	2.33	252.26	34.33651644	19.82419701	250.73
91	7/29/20	neg_control	0	Contol	12	A	3	44	1	68	1.5378							
92	7/29/20	neg_control	10	Low	12	A	3	44	0	93	9.9853							
93	7/29/20	neg_control	100	Medium	12	A	3	52	-1	280	136.603							
94	7/29/20	neg_control	250	High	12	A	3	101	5	377	246.3585							
95	7/30/20	neg_control	0	Contol	12	A	4	44	1	68	1.5378							
96	7/30/20	neg_control	10	Low	12	A	4	44	0	95	10.7475							
97	7/30/20	neg_control	100	Medium	12	A	4	55	2	300	156.769							
98	7/30/20	neg_control	250	High	12	A	4	94	-2	409	289.1713							
99	7/28/20	neg_control	0	Contol	24	B	2	44	0	70	2.14	-0.33	0.58	0.33	1.74	0.687970581	0.3972	0.00
100	7/28/20	neg_control	10	Low	24	B	2	44	-2	88	8.1358	0.00	3.46	2.00	10.52	2.077838508	1.199640622	8.78
101	7/28/20	neg_control	100	Medium	24	B	2	54	-1	280	136.603	0.00	2.65	1.53	142.89	5.997578602	3.46270362	141.15
102	7/28/20	neg_control	250	High	24	B	2	118	6	357	221.2645	0.00	5.57	3.21	222.37	31.23421862	18.03308453	220.62
103	7/29/20	neg_control	0	Contol	24	B	3	43	-1	70	2.14							
104	7/29/20	neg_control	10	Low	24	B	3	50	4	98	11.9148							
105	7/29/20	neg_control	100	Medium	24	B	3	53	-2	292	148.549							
106	7/29/20	neg_control	250	High	24	B	3	107	-5	383	254.1363							
107	7/30/20	neg_control	0	Contol	24	B	4	44	0	66	0.9484							
108	7/30/20	neg_control	10	Low	24	B	4	44	-2	97	11.5225							
109	7/30/20	neg_control	100	Medium	24	B	4	58	3	287	143.5155							
110	7/30/20	neg_control	250	High	24	B	4	111	-1	332	191.697							