------------------------------------------------------------------------------------------------------------------------------------------------------------
  Bin Id         Marker lineage   # genomes   # markers   # marker sets   0    1     2    3   4   5+   Completeness   Contamination   Strain heterogeneity  
------------------------------------------------------------------------------------------------------------------------------------------------------------
  R3_scaffolds      Bacteria         5449        104            58        0   104    0    0   0   0       100.00           0.00               0.00          
  R3_contigs        Bacteria         5449        104            58        0   104    0    0   0   0       100.00           0.00               0.00          
  R5_scaffolds      Bacteria         5449        104            58        1   103    0    0   0   0       98.28            0.00               0.00          
  R5_contigs        Bacteria         5449        104            58        1   103    0    0   0   0       98.28            0.00               0.00          
  R1_scaffolds      Bacteria         5449        104            58        1   102    1    0   0   0       98.28            1.72               0.00          
  R1_contigs        Bacteria         5449        104            58        1   102    1    0   0   0       98.28            1.72               0.00          
  R4_scaffolds      Bacteria         5449        104            58        2   102    0    0   0   0       97.93            0.00               0.00          
  R4_contigs        Bacteria         5449        104            58        2   102    0    0   0   0       97.93            0.00               0.00          
------------------------------------------------------------------------------------------------------------------------------------------------------------
